202604010603
202604010804
202604060408
202604070808
202604072403
202604082303
202604082306
202604121607
202604140205
202604160906
202604172301
202604180908
202604181508
202604222207
202604240709
202604242010
202604250708
202604250711
202604261504
202604262102
202604281502
202604300505
202605011707
202605012005
202605012306
202605020202
202605021103
202605040202
202605040205
202605040403
202605040701
202605040805
202605050202
202605050203
202605050702
202605050904
202605051306
202605072406
202605102010
202605120710
202605132210
202605160603
202605191809
202605211905
202605261705
202605270807
202605280204
202605300504
202605301108
202605312304
202606020906
202606022010
202606032109
202606040907
202606060703
202606071005
202606080510
202606140105
202606180205
202606192105
202606210906
202606221310
202606240605
202606241207
202606241210
202606252102
202606270912
202606280205
202606280508
202606281008
202606291109
202607010709
202607012009
202607020808
202607022308
202607030701
202607032102
202607040803
202607071208
202607081107
202607082003
202607091504
202607101407
202607111604
202607132310
202607161203
202607161206
202607161306
202607170205
202607171210
202607181303
202607182102
202607200401
202607212308
202607221407
202607250204
202607252306
202607260205
202607271406
202607292003
202607301007
202607301603
202608011308
202608011603
202608041007
202608071409
202608071904
202608081009
202608090506
202608091004
202608092306
202608112305
202608121301
202608210706
202608222306
202608230405
202608241808
202608260905
202608281304
202608281306
